|  Energies | Energy counts |
-800.00000      0.0000000
-796.00000      0.0000000
-792.00000      0.0000000
-788.00000      0.0000000
-784.00000      0.0000000
-780.00000      0.0000000
-776.00000      2.0000000
-772.00000      2.0000000
-768.00000      7.0000000
-764.00000      6.0000000
-760.00000      11.000000
-756.00000      6.0000000
-752.00000      23.000000
-748.00000      16.000000
-744.00000      21.000000
-740.00000      21.000000
-736.00000      32.000000
-732.00000      38.000000
-728.00000      27.000000
-724.00000      41.000000
-720.00000      46.000000
-716.00000      46.000000
-712.00000      55.000000
-708.00000      68.000000
-704.00000      90.000000
-700.00000      99.000000
-696.00000      133.00000
-692.00000      137.00000
-688.00000      181.00000
-684.00000      224.00000
-680.00000      277.00000
-676.00000      367.00000
-672.00000      467.00000
-668.00000      563.00000
-664.00000      678.00000
-660.00000      842.00000
-656.00000      957.00000
-652.00000      1187.0000
-648.00000      1437.0000
-644.00000      1678.0000
-640.00000      1896.0000
-636.00000      2339.0000
-632.00000      2677.0000
-628.00000      2976.0000
-624.00000      3435.0000
-620.00000      3928.0000
-616.00000      4500.0000
-612.00000      4981.0000
-608.00000      5709.0000
-604.00000      6401.0000
-600.00000      7027.0000
-596.00000      7853.0000
-592.00000      8569.0000
-588.00000      9606.0000
-584.00000      10437.000
-580.00000      11302.000
-576.00000      12339.000
-572.00000      13357.000
-568.00000      14371.000
-564.00000      15349.000
-560.00000      16499.000
-556.00000      17653.000
-552.00000      18526.000
-548.00000      19893.000
-544.00000      20805.000
-540.00000      22098.000
-536.00000      23276.000
-532.00000      24323.000
-528.00000      25504.000
-524.00000      26666.000
-520.00000      27683.000
-516.00000      28666.000
-512.00000      29860.000
-508.00000      30453.000
-504.00000      31007.000
-500.00000      31938.000
-496.00000      32551.000
-492.00000      32605.000
-488.00000      32969.000
-484.00000      33381.000
-480.00000      33360.000
-476.00000      33098.000
-472.00000      32515.000
-468.00000      32422.000
-464.00000      31504.000
-460.00000      30594.000
-456.00000      29455.000
-452.00000      28305.000
-448.00000      26795.000
-444.00000      25386.000
-440.00000      23982.000
-436.00000      22342.000
-432.00000      20467.000
-428.00000      18673.000
-424.00000      17381.000
-420.00000      15539.000
-416.00000      14019.000
-412.00000      12561.000
-408.00000      10973.000
-404.00000      9739.0000
-400.00000      8338.0000
-396.00000      7076.0000
-392.00000      5926.0000
-388.00000      5190.0000
-384.00000      4471.0000
-380.00000      3656.0000
-376.00000      3067.0000
-372.00000      2419.0000
-368.00000      1983.0000
-364.00000      1502.0000
-360.00000      1172.0000
-356.00000      951.00000
-352.00000      754.00000
-348.00000      557.00000
-344.00000      423.00000
-340.00000      308.00000
-336.00000      252.00000
-332.00000      185.00000
-328.00000      141.00000
-324.00000      94.000000
-320.00000      67.000000
-316.00000      53.000000
-312.00000      39.000000
-308.00000      23.000000
-304.00000      17.000000
-300.00000      5.0000000
-296.00000      7.0000000
-292.00000      7.0000000
-288.00000      8.0000000
-284.00000      3.0000000
-280.00000      0.0000000
-276.00000      2.0000000
-272.00000      0.0000000
-268.00000      0.0000000
-264.00000      0.0000000
-260.00000      0.0000000
-256.00000      1.0000000
-252.00000      0.0000000
-248.00000      0.0000000
-244.00000      0.0000000
-240.00000      0.0000000
-236.00000      0.0000000
-232.00000      0.0000000
-228.00000      0.0000000
-224.00000      0.0000000
-220.00000      0.0000000
-216.00000      0.0000000
-212.00000      0.0000000
-208.00000      0.0000000
-204.00000      0.0000000
-200.00000      0.0000000
-196.00000      0.0000000
-192.00000      0.0000000
-188.00000      0.0000000
-184.00000      0.0000000
-180.00000      0.0000000
-176.00000      0.0000000
-172.00000      0.0000000
-168.00000      0.0000000
-164.00000      0.0000000
-160.00000      0.0000000
-156.00000      0.0000000
-152.00000      0.0000000
-148.00000      0.0000000
-144.00000      0.0000000
-140.00000      0.0000000
-136.00000      0.0000000
-132.00000      0.0000000
-128.00000      0.0000000
-124.00000      0.0000000
-120.00000      0.0000000
-116.00000      0.0000000
-112.00000      0.0000000
-108.00000      0.0000000
-104.00000      0.0000000
-100.00000      0.0000000
-96.000000      0.0000000
-92.000000      0.0000000
-88.000000      0.0000000
-84.000000      0.0000000
-80.000000      0.0000000
-76.000000      0.0000000
-72.000000      0.0000000
-68.000000      0.0000000
-64.000000      0.0000000
-60.000000      0.0000000
-56.000000      0.0000000
-52.000000      0.0000000
-48.000000      0.0000000
-44.000000      0.0000000
-40.000000      0.0000000
-36.000000      0.0000000
-32.000000      0.0000000
-28.000000      0.0000000
-24.000000      0.0000000
-20.000000      0.0000000
-16.000000      0.0000000
-12.000000      0.0000000
-8.0000000      0.0000000
-4.0000000      0.0000000
 0.0000000      0.0000000
 4.0000000      0.0000000
 8.0000000      0.0000000
 12.000000      0.0000000
 16.000000      0.0000000
 20.000000      0.0000000
 24.000000      0.0000000
 28.000000      0.0000000
 32.000000      0.0000000
 36.000000      0.0000000
 40.000000      0.0000000
 44.000000      0.0000000
 48.000000      0.0000000
 52.000000      0.0000000
 56.000000      0.0000000
 60.000000      0.0000000
 64.000000      0.0000000
 68.000000      0.0000000
 72.000000      0.0000000
 76.000000      0.0000000
 80.000000      0.0000000
 84.000000      0.0000000
 88.000000      0.0000000
 92.000000      0.0000000
 96.000000      0.0000000
 100.00000      0.0000000
 104.00000      0.0000000
 108.00000      0.0000000
 112.00000      0.0000000
 116.00000      0.0000000
 120.00000      0.0000000
 124.00000      0.0000000
 128.00000      0.0000000
 132.00000      0.0000000
 136.00000      0.0000000
 140.00000      0.0000000
 144.00000      0.0000000
 148.00000      0.0000000
 152.00000      0.0000000
 156.00000      0.0000000
 160.00000      0.0000000
 164.00000      0.0000000
 168.00000      0.0000000
 172.00000      0.0000000
 176.00000      0.0000000
 180.00000      0.0000000
 184.00000      0.0000000
 188.00000      0.0000000
 192.00000      0.0000000
 196.00000      0.0000000
 200.00000      0.0000000
 204.00000      0.0000000
 208.00000      0.0000000
 212.00000      0.0000000
 216.00000      0.0000000
 220.00000      0.0000000
 224.00000      0.0000000
 228.00000      0.0000000
 232.00000      0.0000000
 236.00000      0.0000000
 240.00000      0.0000000
 244.00000      0.0000000
 248.00000      0.0000000
 252.00000      0.0000000
 256.00000      0.0000000
 260.00000      0.0000000
 264.00000      0.0000000
 268.00000      0.0000000
 272.00000      0.0000000
 276.00000      0.0000000
 280.00000      0.0000000
 284.00000      0.0000000
 288.00000      0.0000000
 292.00000      0.0000000
 296.00000      0.0000000
 300.00000      0.0000000
 304.00000      0.0000000
 308.00000      0.0000000
 312.00000      0.0000000
 316.00000      0.0000000
 320.00000      0.0000000
 324.00000      0.0000000
 328.00000      0.0000000
 332.00000      0.0000000
 336.00000      0.0000000
 340.00000      0.0000000
 344.00000      0.0000000
 348.00000      0.0000000
 352.00000      0.0000000
 356.00000      0.0000000
 360.00000      0.0000000
 364.00000      0.0000000
 368.00000      0.0000000
 372.00000      0.0000000
 376.00000      0.0000000
 380.00000      0.0000000
 384.00000      0.0000000
 388.00000      0.0000000
 392.00000      0.0000000
 396.00000      0.0000000
 400.00000      0.0000000
 404.00000      0.0000000
 408.00000      0.0000000
 412.00000      0.0000000
 416.00000      0.0000000
 420.00000      0.0000000
 424.00000      0.0000000
 428.00000      0.0000000
 432.00000      0.0000000
 436.00000      0.0000000
 440.00000      0.0000000
 444.00000      0.0000000
 448.00000      0.0000000
 452.00000      0.0000000
 456.00000      0.0000000
 460.00000      0.0000000
 464.00000      0.0000000
 468.00000      0.0000000
 472.00000      0.0000000
 476.00000      0.0000000
 480.00000      0.0000000
 484.00000      0.0000000
 488.00000      0.0000000
 492.00000      0.0000000
 496.00000      0.0000000
 500.00000      0.0000000
 504.00000      0.0000000
 508.00000      0.0000000
 512.00000      0.0000000
 516.00000      0.0000000
 520.00000      0.0000000
 524.00000      0.0000000
 528.00000      0.0000000
 532.00000      0.0000000
 536.00000      0.0000000
 540.00000      0.0000000
 544.00000      0.0000000
 548.00000      0.0000000
 552.00000      0.0000000
 556.00000      0.0000000
 560.00000      0.0000000
 564.00000      0.0000000
 568.00000      0.0000000
 572.00000      0.0000000
 576.00000      0.0000000
 580.00000      0.0000000
 584.00000      0.0000000
 588.00000      0.0000000
 592.00000      0.0000000
 596.00000      0.0000000
 600.00000      0.0000000
 604.00000      0.0000000
 608.00000      0.0000000
 612.00000      0.0000000
 616.00000      0.0000000
 620.00000      0.0000000
 624.00000      0.0000000
 628.00000      0.0000000
 632.00000      0.0000000
 636.00000      0.0000000
 640.00000      0.0000000
 644.00000      0.0000000
 648.00000      0.0000000
 652.00000      0.0000000
 656.00000      0.0000000
 660.00000      0.0000000
 664.00000      0.0000000
 668.00000      0.0000000
 672.00000      0.0000000
 676.00000      0.0000000
 680.00000      0.0000000
 684.00000      0.0000000
 688.00000      0.0000000
 692.00000      0.0000000
 696.00000      0.0000000
 700.00000      0.0000000
 704.00000      0.0000000
 708.00000      0.0000000
 712.00000      0.0000000
 716.00000      0.0000000
 720.00000      0.0000000
 724.00000      0.0000000
 728.00000      0.0000000
 732.00000      0.0000000
 736.00000      0.0000000
 740.00000      0.0000000
 744.00000      0.0000000
 748.00000      0.0000000
 752.00000      0.0000000
 756.00000      0.0000000
 760.00000      0.0000000
 764.00000      0.0000000
 768.00000      0.0000000
 772.00000      0.0000000
 776.00000      0.0000000
 780.00000      0.0000000
 784.00000      0.0000000
 788.00000      0.0000000
 792.00000      0.0000000
 796.00000      0.0000000
