|  Energies | Energy counts |
-800.00000      0.0000000
-796.00000      0.0000000
-792.00000      0.0000000
-788.00000      0.0000000
-784.00000      0.0000000
-780.00000      2.0000000
-776.00000      5.0000000
-772.00000      5.0000000
-768.00000      13.000000
-764.00000      9.0000000
-760.00000      28.000000
-756.00000      24.000000
-752.00000      39.000000
-748.00000      43.000000
-744.00000      79.000000
-740.00000      101.00000
-736.00000      106.00000
-732.00000      171.00000
-728.00000      234.00000
-724.00000      340.00000
-720.00000      460.00000
-716.00000      650.00000
-712.00000      875.00000
-708.00000      1222.0000
-704.00000      1776.0000
-700.00000      2242.0000
-696.00000      3215.0000
-692.00000      4229.0000
-688.00000      5495.0000
-684.00000      7134.0000
-680.00000      9280.0000
-676.00000      11958.000
-672.00000      15205.000
-668.00000      19039.000
-664.00000      23326.000
-660.00000      29413.000
-656.00000      35691.000
-652.00000      42777.000
-648.00000      52259.000
-644.00000      62501.000
-640.00000      73630.000
-636.00000      86648.000
-632.00000      101254.00
-628.00000      117748.00
-624.00000      135998.00
-620.00000      156129.00
-616.00000      178044.00
-612.00000      202193.00
-608.00000      227786.00
-604.00000      254657.00
-600.00000      283784.00
-596.00000      316380.00
-592.00000      350404.00
-588.00000      383978.00
-584.00000      420468.00
-580.00000      460123.00
-576.00000      500516.00
-572.00000      540641.00
-568.00000      583966.00
-564.00000      628765.00
-560.00000      673653.00
-556.00000      720032.00
-552.00000      766971.00
-548.00000      813450.00
-544.00000      859633.00
-540.00000      910242.00
-536.00000      955903.00
-532.00000      1001429.0
-528.00000      1048430.0
-524.00000      1093307.0
-520.00000      1139233.0
-516.00000      1176825.0
-512.00000      1218667.0
-508.00000      1255817.0
-504.00000      1288380.0
-500.00000      1315073.0
-496.00000      1339595.0
-492.00000      1358203.0
-488.00000      1373865.0
-484.00000      1380092.0
-480.00000      1377328.0
-476.00000      1369092.0
-472.00000      1354713.0
-468.00000      1333348.0
-464.00000      1302927.0
-460.00000      1264137.0
-456.00000      1223498.0
-452.00000      1172605.0
-448.00000      1118818.0
-444.00000      1056590.0
-440.00000      994830.00
-436.00000      926670.00
-432.00000      859338.00
-428.00000      791382.00
-424.00000      720236.00
-420.00000      651910.00
-416.00000      585071.00
-412.00000      522463.00
-408.00000      461370.00
-404.00000      402780.00
-400.00000      349456.00
-396.00000      301250.00
-392.00000      257671.00
-388.00000      216875.00
-384.00000      181744.00
-380.00000      151143.00
-376.00000      124282.00
-372.00000      100994.00
-368.00000      81521.000
-364.00000      65098.000
-360.00000      51560.000
-356.00000      40231.000
-352.00000      31293.000
-348.00000      23841.000
-344.00000      18083.000
-340.00000      13453.000
-336.00000      10042.000
-332.00000      7526.0000
-328.00000      5331.0000
-324.00000      3864.0000
-320.00000      2752.0000
-316.00000      1914.0000
-312.00000      1321.0000
-308.00000      958.00000
-304.00000      637.00000
-300.00000      442.00000
-296.00000      277.00000
-292.00000      164.00000
-288.00000      105.00000
-284.00000      76.000000
-280.00000      51.000000
-276.00000      34.000000
-272.00000      22.000000
-268.00000      11.000000
-264.00000      5.0000000
-260.00000      4.0000000
-256.00000      1.0000000
-252.00000      3.0000000
-248.00000      0.0000000
-244.00000      0.0000000
-240.00000      0.0000000
-236.00000      1.0000000
-232.00000      0.0000000
-228.00000      0.0000000
-224.00000      0.0000000
-220.00000      0.0000000
-216.00000      0.0000000
-212.00000      0.0000000
-208.00000      0.0000000
-204.00000      0.0000000
-200.00000      0.0000000
-196.00000      0.0000000
-192.00000      0.0000000
-188.00000      0.0000000
-184.00000      0.0000000
-180.00000      0.0000000
-176.00000      0.0000000
-172.00000      0.0000000
-168.00000      0.0000000
-164.00000      0.0000000
-160.00000      0.0000000
-156.00000      0.0000000
-152.00000      0.0000000
-148.00000      0.0000000
-144.00000      0.0000000
-140.00000      0.0000000
-136.00000      0.0000000
-132.00000      0.0000000
-128.00000      0.0000000
-124.00000      0.0000000
-120.00000      0.0000000
-116.00000      0.0000000
-112.00000      0.0000000
-108.00000      0.0000000
-104.00000      0.0000000
-100.00000      0.0000000
-96.000000      0.0000000
-92.000000      0.0000000
-88.000000      0.0000000
-84.000000      0.0000000
-80.000000      0.0000000
-76.000000      0.0000000
-72.000000      0.0000000
-68.000000      0.0000000
-64.000000      0.0000000
-60.000000      0.0000000
-56.000000      0.0000000
-52.000000      0.0000000
-48.000000      0.0000000
-44.000000      0.0000000
-40.000000      0.0000000
-36.000000      0.0000000
-32.000000      0.0000000
-28.000000      0.0000000
-24.000000      0.0000000
-20.000000      0.0000000
-16.000000      0.0000000
-12.000000      0.0000000
-8.0000000      0.0000000
-4.0000000      0.0000000
 0.0000000      0.0000000
 4.0000000      0.0000000
 8.0000000      0.0000000
 12.000000      0.0000000
 16.000000      0.0000000
 20.000000      0.0000000
 24.000000      0.0000000
 28.000000      0.0000000
 32.000000      0.0000000
 36.000000      0.0000000
 40.000000      0.0000000
 44.000000      0.0000000
 48.000000      0.0000000
 52.000000      0.0000000
 56.000000      0.0000000
 60.000000      0.0000000
 64.000000      0.0000000
 68.000000      0.0000000
 72.000000      0.0000000
 76.000000      0.0000000
 80.000000      0.0000000
 84.000000      0.0000000
 88.000000      0.0000000
 92.000000      0.0000000
 96.000000      0.0000000
 100.00000      0.0000000
 104.00000      0.0000000
 108.00000      0.0000000
 112.00000      0.0000000
 116.00000      0.0000000
 120.00000      0.0000000
 124.00000      0.0000000
 128.00000      0.0000000
 132.00000      0.0000000
 136.00000      0.0000000
 140.00000      0.0000000
 144.00000      0.0000000
 148.00000      0.0000000
 152.00000      0.0000000
 156.00000      0.0000000
 160.00000      0.0000000
 164.00000      0.0000000
 168.00000      0.0000000
 172.00000      0.0000000
 176.00000      0.0000000
 180.00000      0.0000000
 184.00000      0.0000000
 188.00000      0.0000000
 192.00000      0.0000000
 196.00000      0.0000000
 200.00000      0.0000000
 204.00000      0.0000000
 208.00000      0.0000000
 212.00000      0.0000000
 216.00000      0.0000000
 220.00000      0.0000000
 224.00000      0.0000000
 228.00000      0.0000000
 232.00000      0.0000000
 236.00000      0.0000000
 240.00000      0.0000000
 244.00000      0.0000000
 248.00000      0.0000000
 252.00000      0.0000000
 256.00000      0.0000000
 260.00000      0.0000000
 264.00000      0.0000000
 268.00000      0.0000000
 272.00000      0.0000000
 276.00000      0.0000000
 280.00000      0.0000000
 284.00000      0.0000000
 288.00000      0.0000000
 292.00000      0.0000000
 296.00000      0.0000000
 300.00000      0.0000000
 304.00000      0.0000000
 308.00000      0.0000000
 312.00000      0.0000000
 316.00000      0.0000000
 320.00000      0.0000000
 324.00000      0.0000000
 328.00000      0.0000000
 332.00000      0.0000000
 336.00000      0.0000000
 340.00000      0.0000000
 344.00000      0.0000000
 348.00000      0.0000000
 352.00000      0.0000000
 356.00000      0.0000000
 360.00000      0.0000000
 364.00000      0.0000000
 368.00000      0.0000000
 372.00000      0.0000000
 376.00000      0.0000000
 380.00000      0.0000000
 384.00000      0.0000000
 388.00000      0.0000000
 392.00000      0.0000000
 396.00000      0.0000000
 400.00000      0.0000000
 404.00000      0.0000000
 408.00000      0.0000000
 412.00000      0.0000000
 416.00000      0.0000000
 420.00000      0.0000000
 424.00000      0.0000000
 428.00000      0.0000000
 432.00000      0.0000000
 436.00000      0.0000000
 440.00000      0.0000000
 444.00000      0.0000000
 448.00000      0.0000000
 452.00000      0.0000000
 456.00000      0.0000000
 460.00000      0.0000000
 464.00000      0.0000000
 468.00000      0.0000000
 472.00000      0.0000000
 476.00000      0.0000000
 480.00000      0.0000000
 484.00000      0.0000000
 488.00000      0.0000000
 492.00000      0.0000000
 496.00000      0.0000000
 500.00000      0.0000000
 504.00000      0.0000000
 508.00000      0.0000000
 512.00000      0.0000000
 516.00000      0.0000000
 520.00000      0.0000000
 524.00000      0.0000000
 528.00000      0.0000000
 532.00000      0.0000000
 536.00000      0.0000000
 540.00000      0.0000000
 544.00000      0.0000000
 548.00000      0.0000000
 552.00000      0.0000000
 556.00000      0.0000000
 560.00000      0.0000000
 564.00000      0.0000000
 568.00000      0.0000000
 572.00000      0.0000000
 576.00000      0.0000000
 580.00000      0.0000000
 584.00000      0.0000000
 588.00000      0.0000000
 592.00000      0.0000000
 596.00000      0.0000000
 600.00000      0.0000000
 604.00000      0.0000000
 608.00000      0.0000000
 612.00000      0.0000000
 616.00000      0.0000000
 620.00000      0.0000000
 624.00000      0.0000000
 628.00000      0.0000000
 632.00000      0.0000000
 636.00000      0.0000000
 640.00000      0.0000000
 644.00000      0.0000000
 648.00000      0.0000000
 652.00000      0.0000000
 656.00000      0.0000000
 660.00000      0.0000000
 664.00000      0.0000000
 668.00000      0.0000000
 672.00000      0.0000000
 676.00000      0.0000000
 680.00000      0.0000000
 684.00000      0.0000000
 688.00000      0.0000000
 692.00000      0.0000000
 696.00000      0.0000000
 700.00000      0.0000000
 704.00000      0.0000000
 708.00000      0.0000000
 712.00000      0.0000000
 716.00000      0.0000000
 720.00000      0.0000000
 724.00000      0.0000000
 728.00000      0.0000000
 732.00000      0.0000000
 736.00000      0.0000000
 740.00000      0.0000000
 744.00000      0.0000000
 748.00000      0.0000000
 752.00000      0.0000000
 756.00000      0.0000000
 760.00000      0.0000000
 764.00000      0.0000000
 768.00000      0.0000000
 772.00000      0.0000000
 776.00000      0.0000000
 780.00000      0.0000000
 784.00000      0.0000000
 788.00000      0.0000000
 792.00000      0.0000000
 796.00000      0.0000000
